4 7 8 9 
0 1 0 1 0 1 
1 2 0 0 1 1 
0 2 1 1 1 1 
2 3 0 0 1 1 
1 3 1 1 1 1 
0 3 0 1 0 1 
3 4 1 0 0 0 
2 4 0 1 0 1 
1 4 1 0 0 0 
0 4 0 0 1 1 
4 5 1 1 1 1 
3 5 1 0 0 0 
2 5 0 1 0 1 
1 5 1 0 0 0 
0 5 0 0 1 1 
5 6 0 0 1 1 
4 6 0 0 1 1 
3 6 0 0 1 1 
2 6 1 0 0 0 
1 6 0 1 0 1 
0 6 1 0 0 0 
6 7 1 1 1 1 
5 7 0 0 1 1 
4 7 0 0 1 1 
3 7 0 0 1 1 
2 7 1 0 0 0 
1 7 0 1 0 1 
0 7 1 0 0 0 
G
2 2 2 2 
2 2 2 2 
2 2 2 2 
2 2 2 2 
2 2 2 2 
2 2 2 2 
2 2 2 2 
2 2 2 2 
2 2 2 2 
2 2 2 2 
2 2 2 2 
2 2 2 2 
2 2 2 2 
2 2 2 2 
2 2 2 2 
2 2 2 2 
2 2 2 2 
2 2 2 2 
2 2 2 2 
2 2 2 2 
2 2 2 2 
2 2 2 2 
2 2 2 2 
2 2 2 2 
2 2 2 2 
2 2 2 2 
2 2 2 2 
2 2 2 2 

