
S: 
1 1 0 1 
0 1 1 0 
1 1 0 1 
1 1 0 1 
1 1 0 1 
0 1 1 0 
-|1||1||0||1|- part 0
1 
S po: 
1 2 0 1 
0 1 1 0 
1 1 0 1 
1 1 0 1 
1 1 0 1 
0 1 1 0 
-
S: 
1 2 0 1 
0 1 1 0 
1 1 0 1 
1 1 0 1 
1 1 0 1 
0 1 1 0 
-|1||1||0||1|- part 4
1 
S po: 
1 2 0 1 
0 1 1 0 
1 1 0 1 
1 1 0 1 
1 2 0 1 
0 1 1 0 
-
S: 
1 2 0 1 
0 1 1 0 
1 1 0 1 
1 1 0 1 
1 2 0 1 
0 1 1 0 
-|1||1||0||1|- part 2
1 
S po: 
1 2 0 1 
0 1 1 0 
1 2 0 1 
1 1 0 1 
1 2 0 1 
0 1 1 0 
-
S: 
1 2 0 1 
0 1 1 0 
1 2 0 1 
1 1 0 1 
1 2 0 1 
0 1 1 0 
-|1||1||0||1|- part 3
1 
S po: 
1 2 0 1 
0 1 1 0 
1 2 0 1 
1 2 0 1 
1 2 0 1 
0 1 1 0 
-S: 
1 2 0 1 
0 1 1 0 
1 2 0 1 
1 2 0 1 
1 2 0 1 
0 1 1 0 
